1.000000000000000000e+00,5.242786757032118494e-01,8.444037876361379924e-01,8.540980042555442742e-01,6.465299955822876310e-01,7.491601901280457998e-01,8.017797013799455863e-01,9.083431909196407750e-01,8.804036516046361838e-01,9.078593060177129193e-01,8.467945323955091697e-01,8.215058589371738718e-01,9.078975850315593732e-01,8.959462909179303214e-01,8.605522086694026296e-01,7.703537685227003218e-01,6.747042917011770724e-01,3.181767914530294616e-01,7.584053086877733385e-01,7.098007207587998524e-01,8.269823904816804294e-01,8.464814137959668638e-01,7.990434393800158741e-01,9.125304098657208707e-01,7.409629019183897602e-01,8.905444441086859397e-01,8.467897868005945794e-01,8.124661221366323849e-01,6.354562474947107464e-01,7.192843996965643250e-01,6.498327947100970281e-01,8.388497153137802753e-01,8.877250390637710931e-01,7.502601767825669565e-01,8.024550427224785842e-01,8.734920945475216358e-01,7.835753906156597282e-01,7.374729123738121839e-01,8.505492692996408088e-01,7.801918978705291163e-01,3.478598153487657552e-01,8.921497425655244840e-01,9.128640541642643047e-01,9.124541958434456701e-01,7.108684845315366152e-01,7.077363531161492416e-01,8.439755510445101638e-01,8.779572996426805442e-01,7.311640346219053788e-01,9.137430147927813051e-01,8.448808187025176331e-01,7.267468796449880752e-01,8.907188122485523163e-01,7.694274681935031612e-01,7.670386181758668265e-01,8.830726967639157543e-01,9.191253907451656380e-01,8.346057743091398473e-01
5.242786757032118494e-01,1.000000000000000000e+00,6.138350017777425283e-01,5.368607514239281953e-01,5.637422250005235114e-01,7.353033950122896956e-01,7.531862754078156863e-01,4.949367815335673493e-01,5.796998676882236801e-01,5.801977195335542570e-01,5.759685841134221107e-01,6.545953181402693888e-01,5.355543286964578042e-01,5.008288799503007871e-01,5.367139188645062564e-01,5.386070617494890245e-01,6.383350927827148302e-01,6.777998639418937321e-01,6.194192026233777959e-01,7.814233056085456708e-01,6.695575562269191483e-01,5.972959891710906133e-01,7.159506432371950391e-01,4.994207434885984398e-01,6.210482535805694759e-01,6.407360406714852630e-01,7.040585014673624853e-01,4.014164915184883498e-01,6.807757187495316886e-01,5.472248183265046029e-01,8.455834315484647146e-01,5.749949107237979362e-01,5.210563537321737382e-01,5.520834368448185314e-01,7.087386537867028657e-01,6.496983960337421316e-01,6.371703283465672829e-01,6.313380777767362284e-01,5.728321059298839835e-01,7.391169393663057363e-01,4.656054956806998657e-01,5.803479565150816422e-01,4.955404866945174458e-01,5.500251878455468812e-01,6.630259618697849078e-01,8.217275169102284949e-01,6.876407655366486571e-01,6.278712365173054755e-01,8.217737056802040252e-01,5.365108266991576169e-01,5.018668609202776576e-01,5.810415546874225790e-01,5.682100701026255862e-01,7.986953115822942317e-01,6.068773999945736852e-01,5.422851603088802985e-01,4.987580907991440160e-01,5.355288069668523443e-01
8.444037876361379924e-01,6.138350017777425283e-01,9.999999999999998890e-01,8.033166438067087523e-01,7.104154780552185411e-01,7.744478482866745672e-01,8.344582899405844634e-01,8.475457225459378519e-01,8.564414709533607617e-01,8.402636013028164097e-01,8.139382641324137690e-01,8.183500238648250269e-01,8.341182355584650931e-01,8.608430794518260321e-01,7.866297769865899792e-01,7.623492910188671701e-01,7.655822806273450132e-01,3.980973998865443564e-01,8.025999945484496578e-01,7.673129929885138534e-01,8.322796953746378623e-01,8.390126773132587923e-01,8.222301886884497701e-01,8.297785525056733391e-01,7.317488661554352181e-01,8.546932494408642222e-01,8.326754127933034821e-01,7.272581937289805953e-01,7.346048779577064591e-01,7.167015895185027130e-01,6.838385905869229786e-01,8.452262089644073662e-01,8.522254017633611456e-01,7.697822609144105988e-01,8.253940824325736170e-01,8.482436760991468594e-01,7.776754559236402908e-01,7.789669167562913721e-01,8.125105012936267856e-01,7.995316966373580136e-01,4.243235425042060083e-01,8.460267710105404682e-01,8.646241580776105051e-01,8.631896973257795480e-01,7.657970028641307714e-01,7.315706440531105637e-01,8.313441170444555439e-01,8.585000889724507811e-01,7.781025894929788356e-01,8.625859325927490717e-01,7.212874297616449493e-01,7.246389130279486945e-01,8.675529208657722924e-01,7.958327348065287188e-01,7.993505885637364194e-01,8.323073835849000845e-01,8.460750514527649591e-01,7.758543137200433204e-01
8.540980042555442742e-01,5.368607514239281953e-01,8.033166438067087523e-01,1.000000000000000000e+00,6.232307938260948088e-01,7.194966038883447990e-01,7.378689273559683182e-01,8.752895267564760884e-01,8.253294308822325398e-01,8.563923440042610080e-01,8.250775524234538194e-01,7.625949205150949206e-01,8.971219369486923556e-01,8.692491284954687591e-01,8.989455601703660870e-01,7.932781372848562995e-01,7.160906533561308684e-01,3.516458673420264081e-01,7.123378009561824875e-01,6.673784178902576469e-01,7.499930131474957795e-01,7.872286884918757721e-01,7.873201174181811979e-01,8.857094134184292367e-01,6.811351085006480677e-01,8.533766927865482632e-01,7.826444515385091449e-01,8.450938808335429764e-01,6.364717929818606290e-01,6.388104754711751987e-01,6.453188797932928322e-01,8.252453279944307329e-01,8.682676611863855420e-01,7.174117179410699485e-01,7.311451259253691770e-01,8.011850338346176992e-01,7.258920117205688305e-01,7.427798368443589982e-01,8.438010327697875734e-01,7.826324662099488627e-01,3.960537673113087020e-01,8.357297573939772573e-01,8.739597805097464311e-01,8.587844023897421852e-01,7.120529168599706304e-01,6.603196155243712395e-01,8.018314022266804786e-01,7.971905038201870797e-01,6.717161654371214263e-01,8.804548842694703836e-01,8.644330632871889408e-01,6.572763850275710196e-01,8.602524182377798700e-01,7.612670716125198300e-01,6.711044225428600685e-01,8.849184464618377044e-01,8.790612534983003323e-01,8.164062863304701878e-01
6.465299955822876310e-01,5.637422250005235114e-01,7.104154780552185411e-01,6.232307938260948088e-01,1.000000000000000222e+00,7.081164358303376760e-01,6.840568547148061507e-01,6.427206737874119336e-01,6.834606487362461236e-01,6.493958975652602827e-01,6.736539802949254030e-01,7.912287921956264736e-01,6.280554830891484919e-01,6.306728381607862310e-01,6.691201923854872557e-01,6.520239689697641117e-01,7.677298425486168698e-01,3.889700678315646254e-01,7.103301026619256442e-01,5.865669958859702771e-01,7.400508337307599716e-01,7.502984657214133435e-01,7.518578768319390537e-01,6.327839306192213353e-01,7.162200393184562364e-01,7.037126234087264232e-01,6.495508753948183722e-01,5.022561512377566872e-01,7.785052901664700764e-01,7.642729724680282777e-01,6.969326482921561761e-01,7.499736489204011924e-01,6.065561080378246706e-01,7.302622423618774228e-01,7.037419866302888627e-01,7.471197230056041416e-01,7.743840315007466391e-01,8.213360546397745487e-01,6.790658025366180794e-01,7.215791302820997455e-01,5.051114633444633295e-01,6.659858641893021680e-01,6.569006069942069370e-01,7.038286918812068915e-01,7.359329051308525216e-01,6.949906441676003688e-01,6.418953133117460963e-01,7.280799651695274433e-01,7.387030635386712119e-01,6.734130526527400962e-01,5.868241775696053653e-01,7.411490072834121534e-01,6.583271691390271130e-01,7.127870534225380084e-01,7.448789572586653751e-01,5.894887443791121395e-01,6.567696758490190190e-01,5.299778239386516709e-01
7.491601901280457998e-01,7.353033950122896956e-01,7.744478482866745672e-01,7.194966038883447990e-01,7.081164358303376760e-01,1.000000000000000000e+00,8.345569732729852808e-01,7.310163590575043946e-01,7.713572226425662315e-01,7.736122271491745472e-01,7.670333506226202358e-01,8.351655859976083729e-01,7.291711754289248448e-01,7.415723152805646645e-01,7.169370462846251790e-01,7.405512609815962932e-01,7.012348159542354242e-01,5.276153480488239289e-01,7.956576699124515706e-01,7.604061927197812709e-01,8.020523564991448584e-01,7.995922945904108126e-01,8.037920404086985604e-01,7.199066746663296268e-01,7.813750353144510719e-01,8.248014157520735523e-01,8.338419479449374894e-01,5.885212885927598725e-01,7.512454582739637177e-01,7.589330209737249477e-01,8.169708333834740932e-01,8.086234274487863471e-01,7.151908903184325261e-01,7.574870788241646613e-01,8.210877020250034741e-01,8.552641965910430244e-01,8.137362915737067492e-01,7.790648195064751036e-01,7.499890669707828250e-01,7.876923764842008735e-01,4.626110180882101464e-01,7.933044073107176075e-01,7.158235409777946590e-01,7.956242995065611057e-01,7.676858623677541571e-01,8.578349699040364040e-01,8.333180846689711707e-01,7.961298054662792056e-01,8.346687257666112192e-01,7.609046875731462212e-01,6.929783720695456006e-01,7.782843374593871877e-01,7.704455870923739846e-01,8.489085376704459396e-01,8.050910106863753413e-01,6.960860424694826909e-01,7.148978222551560791e-01,6.820059220941240286e-01
8.017797013799455863e-01,7.531862754078156863e-01,8.344582899405844634e-01,7.378689273559683182e-01,6.840568547148061507e-01,8.345569732729852808e-01,9.999999999999997780e-01,7.728136231202249462e-01,8.273486064874696622e-01,8.367912729762294610e-01,8.099166470401490958e-01,8.390050772355136521e-01,7.907401162090323954e-01,7.934490757130926442e-01,7.609325645249336301e-01,7.141040444862242209e-01,6.929100357856734504e-01,5.439533639011119304e-01,8.129377258300153342e-01,8.177460687308542031e-01,8.414795453925200119e-01,8.232089626980686470e-01,8.487986626324205419e-01,7.757735232275123627e-01,7.579931329946442142e-01,8.477476260085763382e-01,8.674996143530705472e-01,6.827735255357233468e-01,7.100371855787726005e-01,7.380650646908635260e-01,7.962519318790641787e-01,7.993898306069096016e-01,7.711486599811258058e-01,7.730883879160541650e-01,8.730831958837143025e-01,8.593670109984229422e-01,7.884410797523863090e-01,7.571316174200360960e-01,7.757521549372234926e-01,8.054368664564667268e-01,4.575035065006163304e-01,8.341134908432780160e-01,7.810089068720773575e-01,8.152368042319411146e-01,7.565842370843736120e-01,8.412346371062707773e-01,8.402532594573732805e-01,8.506193306395812836e-01,8.397144859468893552e-01,7.981415505719650083e-01,7.093286511389834681e-01,7.535222520986016859e-01,8.353171914336813275e-01,8.619600933597306724e-01,8.086221490604849071e-01,7.729269138781559301e-01,7.726327442783601507e-01,7.360777273561601719e-01
9.083431909196407750e-01,4.949367815335673493e-01,8.475457225459378519e-01,8.752895267564760884e-01,6.427206737874119336e-01,7.310163590575043946e-01,7.728136231202249462e-01,1.000000000000000000e+00,8.589722832930791752e-01,8.822776257996055582e-01,8.560653262228771210e-01,7.991524581697169172e-01,9.079182388617048627e-01,9.107420962121304253e-01,8.458502804352990845e-01,7.776778184604021815e-01,6.888889694908358896e-01,2.982619763323892670e-01,7.661934823761396007e-01,7.052443151570170210e-01,7.887827722920485174e-01,8.402596673926880921e-01,7.706645938354047543e-01,9.090044846688112301e-01,7.166150554565284825e-01,8.897163511247758727e-01,8.148907167339765056e-01,8.427599720936261862e-01,6.261750003737630577e-01,6.924332479674208951e-01,6.145199897454599602e-01,8.614564253935279581e-01,8.829222038980106824e-01,7.620051890707922881e-01,7.912482943983417671e-01,8.661631382493458764e-01,7.579030919239132524e-01,7.485469989956012871e-01,8.402523585280206042e-01,7.745983970778312910e-01,3.359095586934000011e-01,8.872555031763700306e-01,9.344884417905374718e-01,8.951546890846625582e-01,7.422405242438139261e-01,6.834558514008882701e-01,8.327878037487838059e-01,8.468097838553865220e-01,6.886286309683772311e-01,9.131545048112802432e-01,8.366177261405089993e-01,6.989658344090142750e-01,9.130152217009941396e-01,7.699518621278760300e-01,7.550786573742410690e-01,8.961330596047668573e-01,9.062299257477370862e-01,8.592803529985910682e-01
8.804036516046361838e-01,5.796998676882236801e-01,8.564414709533607617e-01,8.253294308822325398e-01,6.834606487362461236e-01,7.713572226425662315e-01,8.273486064874696622e-01,8.589722832930791752e-01,9.999999999999998890e-01,8.725191583362670311e-01,8.166789531864093732e-01,8.203068439775639265e-01,8.500930920716057715e-01,8.637463094634626470e-01,8.365309469672822518e-01,7.565664543174706047e-01,7.195324323520589926e-01,3.334457893741293866e-01,7.894845220311292877e-01,7.054580452547899450e-01,8.497941262123679396e-01,8.807659718518531244e-01,8.233994147907092165e-01,8.777179649886724944e-01,7.182593658218012767e-01,8.627299945516444524e-01,8.181054004658160350e-01,7.542884659905999545e-01,6.507003675369744666e-01,7.541367745030963521e-01,6.687107255951855178e-01,8.540696864232252272e-01,8.412513811932280650e-01,7.852206357091690014e-01,8.080400318638645274e-01,8.667594409831866908e-01,8.136273105484436163e-01,7.677730228963255410e-01,8.197949578381695801e-01,7.986505702734698620e-01,3.852290199043988395e-01,8.759939405892948061e-01,8.580377305830323431e-01,8.804970295781380241e-01,7.516674191743446531e-01,7.134766949436792682e-01,8.108476332657125196e-01,8.768322424547648763e-01,7.658754487484775719e-01,8.764682301047898028e-01,7.984897530339858385e-01,7.701742534489085523e-01,8.892602617527858300e-01,7.882134197064514236e-01,8.008911539455071393e-01,8.446218488892450749e-01,8.595758700950809628e-01,7.503475343184353719e-01
9.078593060177129193e-01,5.801977195335542570e-01,8.402636013028164097e-01,8.563923440042610080e-01,6.493958975652602827e-01,7.736122271491745472e-01,8.367912729762294610e-01,8.822776257996055582e-01,8.725191583362670311e-01,1.000000000000000222e+00,8.664179039493795642e-01,8.283384431844117435e-01,9.141808660908382622e-01,9.000197383834815934e-01,8.447645289326091156e-01,7.359328436289691577e-01,6.839043476189049509e-01,3.554895405277838094e-01,7.664586623603698579e-01,7.359948302020964395e-01,8.353039745646219094e-01,8.528941831721396083e-01,8.443351489336955451e-01,9.028680137549058848e-01,7.636548861425536128e-01,8.806459174520007149e-01,8.555513365302283013e-01,8.192028445248934476e-01,6.488775105619919437e-01,7.212272183547867588e-01,6.950132736480435502e-01,8.248366849577203341e-01,8.585863330899108359e-01,7.668769112694714396e-01,8.114099955653930607e-01,8.771101120661712880e-01,7.798806118602726878e-01,7.471792309722352643e-01,8.413275491255325367e-01,7.832079059745421512e-01,3.380241942161308355e-01,9.115907950952703009e-01,8.807396610666650139e-01,9.064087131386118212e-01,6.968010941416578063e-01,7.374583184230187882e-01,8.506739914264020985e-01,8.730351869013203148e-01,7.484600484713299640e-01,9.028139375675909850e-01,8.515830414012841576e-01,7.333005113016105581e-01,8.996893744607123988e-01,7.977130814752309007e-01,7.778855646853171102e-01,8.605616357374508141e-01,8.928375528705873032e-01,8.159484568450333652e-01
8.467945323955091697e-01,5.759685841134221107e-01,8.139382641324137690e-01,8.250775524234538194e-01,6.736539802949254030e-01,7.670333506226202358e-01,8.099166470401490958e-01,8.560653262228771210e-01,8.166789531864093732e-01,8.664179039493795642e-01,1.000000000000000000e+00,8.351584264156263204e-01,8.630672733829262144e-01,8.522025118022387158e-01,8.336343383456561451e-01,7.836380575235492030e-01,6.961504104251965419e-01,4.114492162560781097e-01,7.826435001769941335e-01,7.057597106444273294e-01,8.054888365808360318e-01,8.333905268788726062e-01,8.166395360779705737e-01,8.643269004641693787e-01,7.638378462093318166e-01,8.478771338275544744e-01,7.965008102196314832e-01,7.602561175739693811e-01,6.537311079665566460e-01,7.380913102974342443e-01,7.136994385617098091e-01,8.340693541990592541e-01,8.286218065719305192e-01,7.722235801861833115e-01,7.788754604958434413e-01,8.420403893999507394e-01,7.690802973238248796e-01,7.620787074437143094e-01,8.312485770362384452e-01,8.025320119547799669e-01,4.233826960970819009e-01,8.537907584443772402e-01,8.451066243683920121e-01,8.647841403593347076e-01,7.410263997450599049e-01,7.437075882390102866e-01,8.028886344925949548e-01,8.328460994204416323e-01,7.415921308500276199e-01,8.613455879774549739e-01,8.225407274301267391e-01,7.500066697848364328e-01,8.474761819628549020e-01,8.167471607772636144e-01,7.687118237830301570e-01,8.259757013704983608e-01,8.505126885271095949e-01,7.693714365796059385e-01
8.215058589371738718e-01,6.545953181402693888e-01,8.183500238648250269e-01,7.625949205150949206e-01,7.912287921956264736e-01,8.351655859976083729e-01,8.390050772355136521e-01,7.991524581697169172e-01,8.203068439775639265e-01,8.283384431844117435e-01,8.351584264156263204e-01,1.000000000000000000e+00,8.000971946517602129e-01,7.998550384596017082e-01,8.062254342723954581e-01,7.405036158214448605e-01,7.435987748940791064e-01,4.223214593083026713e-01,7.993195556543852831e-01,7.294905745180571000e-01,8.566874849272910764e-01,8.682918155547637573e-01,8.408467878540587526e-01,8.083387238958594789e-01,8.256733848361115236e-01,8.447459247273504390e-01,8.084605882736374260e-01,6.566783441240633401e-01,7.342614757335185205e-01,8.375579789475813275e-01,7.904414769036415267e-01,8.580424252119435158e-01,7.751114086560842997e-01,8.303590045805090414e-01,8.282532819885634057e-01,8.820229608479150940e-01,8.547737828105873570e-01,8.300338901455894813e-01,8.141185462332465317e-01,8.138601722243278269e-01,4.284129698145084930e-01,8.320276750829735946e-01,8.062195961848978021e-01,8.552664551086931466e-01,7.669485892860581355e-01,8.184236869879818466e-01,7.989882008111548473e-01,8.694360450081247693e-01,8.180502700631938628e-01,8.256715109741152858e-01,7.573484729032196050e-01,8.406775490102613713e-01,8.177658049355607250e-01,8.478614737828407133e-01,8.482965246271031434e-01,7.637103321574802983e-01,8.044628143957595068e-01,6.933370451047288219e-01
9.078975850315593732e-01,5.355543286964578042e-01,8.341182355584650931e-01,8.971219369486923556e-01,6.280554830891484919e-01,7.291711754289248448e-01,7.907401162090323954e-01,9.079182388617048627e-01,8.500930920716057715e-01,9.141808660908382622e-01,8.630672733829262144e-01,8.000971946517602129e-01,1.000000000000000000e+00,9.004016135460900516e-01,8.749430839667654558e-01,7.466534554622669129e-01,6.831391412114787842e-01,3.266014291215642018e-01,7.226091466423479881e-01,7.087883225715584379e-01,8.038226726750840045e-01,8.252222994779877530e-01,7.924657036399780363e-01,9.120275468107871264e-01,7.405593496588379621e-01,8.807129888323073086e-01,8.239387382038653174e-01,8.337395689283213507e-01,6.429759535075821875e-01,6.651225520317401996e-01,6.694881585516243572e-01,8.384339610692662648e-01,8.896554264404913370e-01,7.147047898583528402e-01,7.760179991501882091e-01,8.551207274432950367e-01,7.533814099994506908e-01,7.255509327352021032e-01,8.475028813439920983e-01,7.650788676062928451e-01,3.389407578554166633e-01,8.866384951444511442e-01,9.042579322567778632e-01,9.068220770512090967e-01,6.797381783922669118e-01,6.899278916055885391e-01,8.317875300322615795e-01,8.426088169774464953e-01,7.044947303365528546e-01,9.071478840472458893e-01,8.832576935066934753e-01,7.017116097150550846e-01,8.879211686361504485e-01,7.650714723093572367e-01,7.148217939478097582e-01,8.914195355819816147e-01,9.172335183744296794e-01,8.372512272173282533e-01
8.959462909179303214e-01,5.008288799503007871e-01,8.608430794518260321e-01,8.692491284954687591e-01,6.306728381607862310e-01,7.415723152805646645e-01,7.934490757130926442e-01,9.107420962121304253e-01,8.637463094634626470e-01,9.000197383834815934e-01,8.522025118022387158e-01,7.998550384596017082e-01,9.004016135460900516e-01,9.999999999999997780e-01,8.586770608423727191e-01,7.555545953669184911e-01,6.908261430584516916e-01,2.941080825237722962e-01,7.801030484799975628e-01,6.873568097667933641e-01,7.927386140674121950e-01,8.424260207965772462e-01,7.958445549067398872e-01,9.165637590111550548e-01,7.078285666281249888e-01,8.687119696020210169e-01,8.184507317633796797e-01,8.618197904626995198e-01,6.387786600791340863e-01,6.902892398856901313e-01,6.267196770288568919e-01,8.504580681462060587e-01,8.752977786621387590e-01,7.699172196940231583e-01,7.734389811238131518e-01,8.449817305577479454e-01,7.672231530951063583e-01,7.441148895640401495e-01,8.424478383412163929e-01,7.773560178323254410e-01,3.413191481944596317e-01,8.966118215987087803e-01,9.163007315577935685e-01,9.010786269116947134e-01,7.124901196176955942e-01,6.764375466088230482e-01,8.218204866866033464e-01,8.501323663206098447e-01,6.932472102898469268e-01,9.092255869058015749e-01,8.414177008250820489e-01,7.087958656170708638e-01,9.119990831827852196e-01,7.601157221250364193e-01,7.541605621832198070e-01,8.857294904252216439e-01,9.059111241044063290e-01,8.489955665083687153e-01
8.605522086694026296e-01,5.367139188645062564e-01,7.866297769865899792e-01,8.989455601703660870e-01,6.691201923854872557e-01,7.169370462846251790e-01,7.609325645249336301e-01,8.458502804352990845e-01,8.365309469672822518e-01,8.447645289326091156e-01,8.336343383456561451e-01,8.062254342723954581e-01,8.749430839667654558e-01,8.586770608423727191e-01,9.999999999999997780e-01,8.036218789344911073e-01,7.402167242902920608e-01,3.209749017715601838e-01,7.253218225220239290e-01,6.530794754998661134e-01,7.676206665087990100e-01,8.091361286566930433e-01,8.063233897646314707e-01,8.807939246359375307e-01,7.138416973258998599e-01,8.508984413221805099e-01,7.461824783168916619e-01,8.328919264440687309e-01,6.534879472011130286e-01,7.057769611144518729e-01,6.671757516237366570e-01,8.432073352388141929e-01,8.447836843993087319e-01,7.545210512395376101e-01,7.177439543695546265e-01,8.037065660741795625e-01,7.778870724741200338e-01,7.714560746415910497e-01,8.384039453186751256e-01,8.117788906735903254e-01,4.233869023272562870e-01,8.271301943587741068e-01,8.666095780707734342e-01,8.610626841267556841e-01,7.192331408703800388e-01,6.607960689868864756e-01,7.642566377883746043e-01,8.149842821724714303e-01,6.949543310558846665e-01,8.763465227892558440e-01,8.680315031625156497e-01,7.225496960502119093e-01,8.441043406866657328e-01,7.753813412165801999e-01,7.156830878283231279e-01,8.575950243685780405e-01,8.784403108546101624e-01,7.822388125095309785e-01
7.703537685227003218e-01,5.386070617494890245e-01,7.623492910188671701e-01,7.932781372848562995e-01,6.520239689697641117e-01,7.405512609815962932e-01,7.141040444862242209e-01,7.776778184604021815e-01,7.565664543174706047e-01,7.359328436289691577e-01,7.836380575235492030e-01,7.405036158214448605e-01,7.466534554622669129e-01,7.555545953669184911e-01,8.036218789344911073e-01,1.000000000000000222e+00,7.325134587069096481e-01,3.978876948968386174e-01,7.250688648748588871e-01,6.641645870246709604e-01,7.227418742572382371e-01,7.425206815983287356e-01,7.582065532510482431e-01,7.766788569389322383e-01,6.928736654386549176e-01,7.979778207993862837e-01,7.263435741217384445e-01,6.617265128253493334e-01,6.605668931399760746e-01,6.940562118908972788e-01,6.570959061244036059e-01,8.012383295341114486e-01,7.611785447809535921e-01,7.245835286453761181e-01,7.053363273410332424e-01,7.388320953255005374e-01,7.345991112744486573e-01,7.621607209424291485e-01,7.643515787275828588e-01,7.877728924244300490e-01,4.820297530227080074e-01,7.087253928620677046e-01,7.835923687263720572e-01,7.742130269241562779e-01,7.606779694914073131e-01,6.736798292502816921e-01,7.539025374340452279e-01,7.461518822184466382e-01,6.886919833947426905e-01,7.947451169692145712e-01,7.208557816403768914e-01,7.093226808708552600e-01,7.693675473586101266e-01,7.541359127469430268e-01,7.039366693529720553e-01,7.893758255364522469e-01,7.844231893237422204e-01,7.121104707593948202e-01
6.747042917011770724e-01,6.383350927827148302e-01,7.655822806273450132e-01,7.160906533561308684e-01,7.677298425486168698e-01,7.012348159542354242e-01,6.929100357856734504e-01,6.888889694908358896e-01,7.195324323520589926e-01,6.839043476189049509e-01,6.961504104251965419e-01,7.435987748940791064e-01,6.831391412114787842e-01,6.908261430584516916e-01,7.402167242902920608e-01,7.325134587069096481e-01,1.000000000000000000e+00,4.245332634828458129e-01,6.923724162966786722e-01,6.605381679803777883e-01,7.322220949044624394e-01,7.639662498693263748e-01,7.768360650639604126e-01,6.957671951705183266e-01,6.885603682150029936e-01,7.145036286221095878e-01,6.454783997760776826e-01,5.874784226487407279e-01,7.539222988790902358e-01,7.180928366907729510e-01,7.021828396224039093e-01,7.726428816849072456e-01,6.696870353780675078e-01,7.146778373500979331e-01,6.576095282119764907e-01,7.290832253942136632e-01,7.619459659520233519e-01,8.597868982636018842e-01,7.228588019085845362e-01,7.973001946035661591e-01,4.914204831627491110e-01,6.808145700697422198e-01,7.007750887915360494e-01,7.136029381415922579e-01,7.687282256327748753e-01,6.611032661423663637e-01,6.740628713226686219e-01,7.432967189323023138e-01,7.591418773790128416e-01,7.236905542698784943e-01,6.728628429039181791e-01,7.159157140992840063e-01,6.872317183760054959e-01,7.477973101470610784e-01,7.131775872602177380e-01,6.874039074717351872e-01,6.891347433972702108e-01,5.956804926084764418e-01
3.181767914530294616e-01,6.777998639418937321e-01,3.980973998865443564e-01,3.516458673420264081e-01,3.889700678315646254e-01,5.276153480488239289e-01,5.439533639011119304e-01,2.982619763323892670e-01,3.334457893741293866e-01,3.554895405277838094e-01,4.114492162560781097e-01,4.223214593083026713e-01,3.266014291215642018e-01,2.941080825237722962e-01,3.209749017715601838e-01,3.978876948968386174e-01,4.245332634828458129e-01,1.000000000000000000e+00,4.699916691633836408e-01,5.525387765033966669e-01,4.585414554506508367e-01,3.331404232482775285e-01,4.762548064549241289e-01,2.988482646077876836e-01,5.298468167837114828e-01,4.396113072535043909e-01,4.886926290451985011e-01,2.214011401700065607e-01,5.406529626802319966e-01,3.340081010981553744e-01,5.942157969850423438e-01,3.628275685794666305e-01,3.461533503817437740e-01,3.339825499154174260e-01,5.564447556481518786e-01,4.421073396633339314e-01,3.931164448896871111e-01,3.928852529833091189e-01,3.367335328889971002e-01,4.440620776854278251e-01,6.125073748659819461e-01,3.883834843223981093e-01,2.887538498313175772e-01,3.558674206032581555e-01,4.823979497714507847e-01,6.282086570960000449e-01,4.799450303647305738e-01,4.306667185854817781e-01,5.724194883811094536e-01,3.276974775329017930e-01,3.007877007839870886e-01,3.678384810327042231e-01,3.532144684199494122e-01,5.888356812192993006e-01,3.626185549454042922e-01,3.074559927932468684e-01,2.887518086528015893e-01,3.408997425184683294e-01
7.584053086877733385e-01,6.194192026233777959e-01,8.025999945484496578e-01,7.123378009561824875e-01,7.103301026619256442e-01,7.956576699124515706e-01,8.129377258300153342e-01,7.661934823761396007e-01,7.894845220311292877e-01,7.664586623603698579e-01,7.826435001769941335e-01,7.993195556543852831e-01,7.226091466423479881e-01,7.801030484799975628e-01,7.253218225220239290e-01,7.250688648748588871e-01,6.923724162966786722e-01,4.699916691633836408e-01,1.000000000000000000e+00,6.709632304902443112e-01,8.087240607106400692e-01,8.489526296128269145e-01,8.014370984229993722e-01,7.404219062633541348e-01,7.409525213974449409e-01,7.887663864419952597e-01,7.726422310610160382e-01,6.211837694510260466e-01,7.279314560800829170e-01,7.827530688924311253e-01,6.956604127669089310e-01,8.205907704122308299e-01,7.199540458250457409e-01,8.413040138606561191e-01,8.033323910860726835e-01,8.355411569096815594e-01,7.941575486150054264e-01,7.707040094499930660e-01,7.414547899136346709e-01,7.882469550373875089e-01,4.982756630238119877e-01,7.973877158318353198e-01,7.646480451979777992e-01,7.857120398673199668e-01,7.804978086059792819e-01,7.558049116953367008e-01,7.783278521798657756e-01,8.411637316509860129e-01,7.673839421782969739e-01,7.844873399813805381e-01,6.586435312236792461e-01,8.045155229056524249e-01,8.185547859990907060e-01,7.907163458823366353e-01,8.419206958246141514e-01,7.207820904443262844e-01,7.388109000527200987e-01,6.468365481623739033e-01
7.098007207587998524e-01,7.814233056085456708e-01,7.673129929885138534e-01,6.673784178902576469e-01,5.865669958859702771e-01,7.604061927197812709e-01,8.177460687308542031e-01,7.052443151570170210e-01,7.054580452547899450e-01,7.359948302020964395e-01,7.057597106444273294e-01,7.294905745180571000e-01,7.087883225715584379e-01,6.873568097667933641e-01,6.530794754998661134e-01,6.641645870246709604e-01,6.605381679803777883e-01,5.525387765033966669e-01,6.709632304902443112e-01,1.000000000000000000e+00,7.198745974722794427e-01,6.702463665029522177e-01,7.702989947364010659e-01,6.793134284881700014e-01,6.443378622044914072e-01,8.028775843121727096e-01,8.553308229902977233e-01,6.029042016919544666e-01,6.694263324271397808e-01,5.706631914397793937e-01,7.713783893913419565e-01,6.835838946797885285e-01,7.239675191526399045e-01,5.895594791282600111e-01,7.958046048330534861e-01,7.598393884142937704e-01,6.323407566542263991e-01,6.573348573981223630e-01,7.163241953171385346e-01,7.366419477339561928e-01,3.896877914237992790e-01,7.140674628692678105e-01,7.013147071274191680e-01,7.235408008062953478e-01,6.667034152342220521e-01,8.005720651515777497e-01,8.351903327043129766e-01,7.186849056345713249e-01,7.936876340612065706e-01,7.054553257907543173e-01,6.200839367667658752e-01,5.883034197587827530e-01,7.163546187164436807e-01,8.268457783797725780e-01,6.526087883877196294e-01,7.192884354852047135e-01,6.990087919005805173e-01,7.751580567795398613e-01
8.269823904816804294e-01,6.695575562269191483e-01,8.322796953746378623e-01,7.499930131474957795e-01,7.400508337307599716e-01,8.020523564991448584e-01,8.414795453925200119e-01,7.887827722920485174e-01,8.497941262123679396e-01,8.353039745646219094e-01,8.054888365808360318e-01,8.566874849272910764e-01,8.038226726750840045e-01,7.927386140674121950e-01,7.676206665087990100e-01,7.227418742572382371e-01,7.322220949044624394e-01,4.585414554506508367e-01,8.087240607106400692e-01,7.198745974722794427e-01,1.000000000000000000e+00,8.544748035458966662e-01,8.419948081915649141e-01,7.974036402939989054e-01,7.953131795613666011e-01,8.133148064822225409e-01,8.009829530399682485e-01,6.425772236883463551e-01,7.478581654363471998e-01,7.700414947394562670e-01,7.693454745464243238e-01,8.104423625172535450e-01,7.704823012285526573e-01,7.774416945038714610e-01,8.137492449662887539e-01,8.675013140908247600e-01,8.026214945802204737e-01,7.801668904408974869e-01,8.110373908384547192e-01,8.022346903336252666e-01,4.814107742296319659e-01,8.332643311036930234e-01,7.816190511917217032e-01,8.205709545247081849e-01,7.515176662861934309e-01,7.792382165913146475e-01,7.935003679583716441e-01,8.652538496699737625e-01,8.192949769754015454e-01,8.159550439243924425e-01,7.253980690962401612e-01,8.082826371885998284e-01,8.209065732178862929e-01,8.253405601894552301e-01,8.153085135464704925e-01,7.688658352607294910e-01,7.955047036085565182e-01,6.661949198965742003e-01
8.464814137959668638e-01,5.972959891710906133e-01,8.390126773132587923e-01,7.872286884918757721e-01,7.502984657214133435e-01,7.995922945904108126e-01,8.232089626980686470e-01,8.402596673926880921e-01,8.807659718518531244e-01,8.528941831721396083e-01,8.333905268788726062e-01,8.682918155547637573e-01,8.252222994779877530e-01,8.424260207965772462e-01,8.091361286566930433e-01,7.425206815983287356e-01,7.639662498693263748e-01,3.331404232482775285e-01,8.489526296128269145e-01,6.702463665029522177e-01,8.544748035458966662e-01,1.000000000000000000e+00,8.329355572454169021e-01,8.333146242056354014e-01,7.744411999699606364e-01,8.366304382496262404e-01,7.968517560973598091e-01,7.151677048781913681e-01,6.939062784113986249e-01,8.250513902581412262e-01,7.161249442425705602e-01,8.801108381957980509e-01,7.813381240560804963e-01,8.675881661074075213e-01,8.110020253723925210e-01,8.852362502484506512e-01,8.750159289441815647e-01,8.264534639007531380e-01,8.014353512709336824e-01,8.121539191292855842e-01,4.142386060507474710e-01,8.768507905503839517e-01,8.360440052296524982e-01,8.603973719322279834e-01,7.918343096739089981e-01,7.536672225967168126e-01,7.934875609866776092e-01,8.860451075404844890e-01,7.901071029471083973e-01,8.509980090178482781e-01,7.834910126503794592e-01,8.399530749033187194e-01,8.766226512731866150e-01,7.953888924200686050e-01,8.776631416518696494e-01,7.929982880801246248e-01,8.189470012932845711e-01,6.866456731471644037e-01
7.990434393800158741e-01,7.159506432371950391e-01,8.222301886884497701e-01,7.873201174181811979e-01,7.518578768319390537e-01,8.037920404086985604e-01,8.487986626324205419e-01,7.706645938354047543e-01,8.233994147907092165e-01,8.443351489336955451e-01,8.166395360779705737e-01,8.408467878540587526e-01,7.924657036399780363e-01,7.958445549067398872e-01,8.063233897646314707e-01,7.582065532510482431e-01,7.768360650639604126e-01,4.762548064549241289e-01,8.014370984229993722e-01,7.702989947364010659e-01,8.419948081915649141e-01,8.329355572454169021e-01,1.000000000000000000e+00,7.905725670585298515e-01,7.600438171857145653e-01,8.267982754581708615e-01,8.168610603841938156e-01,6.876775483247212772e-01,7.622105790087211341e-01,7.520967448721357362e-01,7.996672127272484998e-01,8.246104463541406027e-01,7.713270735418651380e-01,7.797545488037024297e-01,7.939701505113649915e-01,8.441065845719141203e-01,8.070270117881584993e-01,8.255741602108990218e-01,8.302761847433561826e-01,8.601870890268685788e-01,4.898338101040253800e-01,8.256671837166270622e-01,7.927977061113566926e-01,8.302161826333395167e-01,7.741938607180927079e-01,7.964714231991667504e-01,8.276090745892507039e-01,8.418922020474060020e-01,8.322651503718065946e-01,8.175460775141454306e-01,7.397993766857009490e-01,7.705568453797461137e-01,8.218495948913350224e-01,8.710346517090165053e-01,7.949896607209205879e-01,7.732537633346933115e-01,7.859750234591780238e-01,7.114305084125673861e-01
9.125304098657208707e-01,4.994207434885984398e-01,8.297785525056733391e-01,8.857094134184292367e-01,6.327839306192213353e-01,7.199066746663296268e-01,7.757735232275123627e-01,9.090044846688112301e-01,8.777179649886724944e-01,9.028680137549058848e-01,8.643269004641693787e-01,8.083387238958594789e-01,9.120275468107871264e-01,9.165637590111550548e-01,8.807939246359375307e-01,7.766788569389322383e-01,6.957671951705183266e-01,2.988482646077876836e-01,7.404219062633541348e-01,6.793134284881700014e-01,7.974036402939989054e-01,8.333146242056354014e-01,7.905725670585298515e-01,1.000000000000000000e+00,6.947433277289767339e-01,8.801405285137106072e-01,8.142216905364465518e-01,8.570461454033624360e-01,6.092518624411620287e-01,7.009224988706657111e-01,6.208666632078908565e-01,8.475831644379819840e-01,8.775035481942090598e-01,7.583248282515253624e-01,7.632261597437350886e-01,8.394894570554349844e-01,7.558044924904129269e-01,7.426572559159119180e-01,8.453839585611111485e-01,7.988998742275960074e-01,3.447127972602572754e-01,8.916561253729695657e-01,9.245569715977021152e-01,8.878157150640421102e-01,7.300688858181922924e-01,6.712761648806722103e-01,7.996534918724970131e-01,8.547668186752253039e-01,6.851934547075461124e-01,9.148019556162751975e-01,8.681958960886657639e-01,7.107015538051307812e-01,9.009293663880167946e-01,7.591664995640260427e-01,7.377879478778471833e-01,8.984943272951280147e-01,9.175554253871753829e-01,8.406381533775360015e-01
7.409629019183897602e-01,6.210482535805694759e-01,7.317488661554352181e-01,6.811351085006480677e-01,7.162200393184562364e-01,7.813750353144510719e-01,7.579931329946442142e-01,7.166150554565284825e-01,7.182593658218012767e-01,7.636548861425536128e-01,7.638378462093318166e-01,8.256733848361115236e-01,7.405593496588379621e-01,7.078285666281249888e-01,7.138416973258998599e-01,6.928736654386549176e-01,6.885603682150029936e-01,5.298468167837114828e-01,7.409525213974449409e-01,6.443378622044914072e-01,7.953131795613666011e-01,7.744411999699606364e-01,7.600438171857145653e-01,6.947433277289767339e-01,9.999999999999998890e-01,7.668464544801143479e-01,7.293743884059296079e-01,5.461490925917960038e-01,7.064799897615092750e-01,7.607156784887393330e-01,7.448732797365202885e-01,7.917443367952252675e-01,6.760458015968898726e-01,7.279208172696048917e-01,7.709552406441541050e-01,8.359644891822565205e-01,7.940104738886967217e-01,7.535829045823407846e-01,7.091398395425194678e-01,6.989620864481678186e-01,4.947922952670269492e-01,7.712313273054637319e-01,7.019386711852081406e-01,8.057485848135760298e-01,7.099746753999877091e-01,7.706526753493326831e-01,7.379169227722027768e-01,7.931853248637181775e-01,7.811935978526913793e-01,7.367373635234669704e-01,6.893492582141759195e-01,7.762530530468256806e-01,7.301573839137825983e-01,7.773250249099662446e-01,7.729118999622154318e-01,6.508676423325072680e-01,7.229183904178032583e-01,6.111419456325771771e-01
8.905444441086859397e-01,6.407360406714852630e-01,8.546932494408642222e-01,8.533766927865482632e-01,7.037126234087264232e-01,8.248014157520735523e-01,8.477476260085763382e-01,8.897163511247758727e-01,8.627299945516444524e-01,8.806459174520007149e-01,8.478771338275544744e-01,8.447459247273504390e-01,8.807129888323073086e-01,8.687119696020210169e-01,8.508984413221805099e-01,7.979778207993862837e-01,7.145036286221095878e-01,4.396113072535043909e-01,7.887663864419952597e-01,8.028775843121727096e-01,8.133148064822225409e-01,8.366304382496262404e-01,8.267982754581708615e-01,8.801405285137106072e-01,7.668464544801143479e-01,1.000000000000000222e+00,8.925107878102664927e-01,7.865897987454638640e-01,7.178563506488696566e-01,7.139632807316160790e-01,7.403955304973494078e-01,8.499013223368384606e-01,8.619167976568383738e-01,7.653759253701470922e-01,8.469931215362146437e-01,8.936295030226010239e-01,7.903633557768988682e-01,7.667070994347926494e-01,8.410884181583160313e-01,8.208809614813433742e-01,4.353379938518784353e-01,8.818276361104943062e-01,8.903767454621969168e-01,9.092798309211500563e-01,7.731198702092946240e-01,7.964529224921822470e-01,8.724411634623890910e-01,8.635062639888193559e-01,7.872946644276056505e-01,8.914635416480533037e-01,8.226808805973759853e-01,7.176047272270832389e-01,8.955551997295848610e-01,8.352270826160534956e-01,7.758683761261482292e-01,8.697613349265417293e-01,8.765900164305360232e-01,8.632814335297888109e-01
8.467897868005945794e-01,7.040585014673624853e-01,8.326754127933034821e-01,7.826444515385091449e-01,6.495508753948183722e-01,8.338419479449374894e-01,8.674996143530705472e-01,8.148907167339765056e-01,8.181054004658160350e-01,8.555513365302283013e-01,7.965008102196314832e-01,8.084605882736374260e-01,8.239387382038653174e-01,8.184507317633796797e-01,7.461824783168916619e-01,7.263435741217384445e-01,6.454783997760776826e-01,4.886926290451985011e-01,7.726422310610160382e-01,8.553308229902977233e-01,8.009829530399682485e-01,7.968517560973598091e-01,8.168610603841938156e-01,8.142216905364465518e-01,7.293743884059296079e-01,8.925107878102664927e-01,9.999999999999997780e-01,7.238673938366061433e-01,6.876727270165332584e-01,6.539935431270553767e-01,7.516988218408726663e-01,7.863275671274895240e-01,8.125412398597654517e-01,6.959375318684998257e-01,8.649860945302875193e-01,8.547512865218247491e-01,7.415486542046731966e-01,7.101547806579125988e-01,7.897853618615364724e-01,7.743528018365984922e-01,3.651664125037863418e-01,8.572302222102523572e-01,8.280526659406232115e-01,8.529725052702888943e-01,7.127660368519854739e-01,8.332700113949288445e-01,8.912851821816510922e-01,8.298778569954178286e-01,8.070868827063385487e-01,8.271609343045078777e-01,7.320230554519265853e-01,6.741222076973336641e-01,8.531176375704410120e-01,8.367770040385069663e-01,7.465283393454922312e-01,8.088001693183276553e-01,8.114268331660218214e-01,8.380835043301891885e-01
