0.000000000000000000e+00,1.872844148327956475e+02,1.087713310260370605e+02,1.029749565887400138e+02,1.637325086309642757e+02,1.355839544484325643e+02,1.225956143898110895e+02,8.263296407221176310e+01,9.364458462169422148e+01,8.789586025633947486e+01,1.112670996023257146e+02,1.178034414277523467e+02,9.185647530040934328e+01,9.174034853019198010e+01,1.054270108163586599e+02,1.309349652379253541e+02,1.492451694666380320e+02,2.628345118141966736e+02,1.407157207266550358e+02,1.457361504837426480e+02,1.103495243965731021e+02,1.102750422875123775e+02,1.320923638490980352e+02,8.509412550067595760e+01,1.368166893650807197e+02,9.700653500567985077e+01,1.132324999676936272e+02,1.172458527591214050e+02,1.663137329273238549e+02,1.414316089789212185e+02,1.599031286620378012e+02,1.164291449947737505e+02,9.565420560748881940e+01,1.441923810207791519e+02,1.263006044910757453e+02,9.846692417938402286e+01,1.279833110814605419e+02,1.413537016177239707e+02,1.004086200129816291e+02,1.305868370942704075e+02,2.343986204869377730e+02,9.120737818595297597e+01,8.685625471449606039e+01,8.867323097463675197e+01,1.554480015286523837e+02,1.496446892498784393e+02,1.115088078235156388e+02,1.037811997578318000e+02,1.378935433233848755e+02,8.641026909874921103e+01,1.097101317799942848e+02,1.376401719722616122e+02,9.539701330830075676e+01,1.326831705243959050e+02,1.337345772065972369e+02,9.759446552622351589e+01,8.641763349349915302e+01,1.206066383498609724e+02
1.872844148327956475e+02,0.000000000000000000e+00,1.546140988649714245e+02,1.785369143640542973e+02,1.782865417803891717e+02,1.320777262461338921e+02,1.318393473426986304e+02,1.826537166632809601e+02,1.696617593508622690e+02,1.684278275275853503e+02,1.702547075190550459e+02,1.552575475401183667e+02,1.892845179531639417e+02,1.924819287422081970e+02,1.789028340228575189e+02,1.808963588507040470e+02,1.577750717494829757e+02,1.785641668460321796e+02,1.646347062745430776e+02,1.246639786813354078e+02,1.447537415451007803e+02,1.672136379319246373e+02,1.348008711495223793e+02,1.898714436533357741e+02,1.650341024465101327e+02,1.544393959484555694e+02,1.456434829975761716e+02,2.054085470975713577e+02,1.458044473364732312e+02,1.794926597067592979e+02,1.112597049915673324e+02,1.721611675643614774e+02,1.883508177626794691e+02,1.774151475366119257e+02,1.463613182163453530e+02,1.520762394622718432e+02,1.574867449442466807e+02,1.524651000992651007e+02,1.656163050881275183e+02,1.335140786718309016e+02,2.000365614147644919e+02,1.768201774425085944e+02,1.863895829522737984e+02,1.812697827567075706e+02,1.458296652405435623e+02,1.152089976736290566e+02,1.472820948778297350e+02,1.609271820306338441e+02,1.135877976364512847e+02,1.829057253976582160e+02,1.948674836424397085e+02,1.685351103351393931e+02,1.722721215972443929e+02,1.199661144905149825e+02,1.544619004484552249e+02,1.723117218105053894e+02,1.916139802544909401e+02,1.814225450675098443e+02
1.087713310260370605e+02,1.546140988649714245e+02,0.000000000000000000e+00,1.150134875365468048e+02,1.412734763198325254e+02,1.161576684750355071e+02,1.029569379998874155e+02,1.020541694769221550e+02,1.040905862641428286e+02,1.006764725975882726e+02,1.207054478385906009e+02,1.064264501664717102e+02,1.152499763499373557e+02,9.942453369359307658e+01,1.214090746845920137e+02,1.332838863502240372e+02,1.285604723261037350e+02,2.439729956144686298e+02,1.161739074537044445e+02,1.319375558343758712e+02,1.013688594202408524e+02,1.067231780577108822e+02,1.125242865766838207e+02,1.121906664322435034e+02,1.306841152773115766e+02,1.039431818181253107e+02,1.108462164258319120e+02,1.358205213903100912e+02,1.353519385025955444e+02,1.355060166007264684e+02,1.377012118070410054e+02,1.036674964952733120e+02,1.078824631594306283e+02,1.248550571877911892e+02,1.096139674531198551e+02,1.026712898279399582e+02,1.215612532395977325e+02,1.213969871561246379e+02,1.073996178664996961e+02,1.133076045992105350e+02,2.047167860810555169e+02,1.068029139069547711e+02,1.016815183511845362e+02,1.062432392030625010e+02,1.325090591391963528e+02,1.269002639460169206e+02,1.032768915124593008e+02,9.628017980098512396e+01,1.211961311018091294e+02,1.015071943412927595e+02,1.503228609624895569e+02,1.312755459039028381e+02,9.614338235288710166e+01,1.140117576954165628e+02,1.080795201920880686e+02,1.050832219250773107e+02,1.078111631015460290e+02,1.290649988275625049e+02
1.029749565887400138e+02,1.785369143640542973e+02,1.150134875365468048e+02,0.000000000000000000e+00,1.656666666666592675e+02,1.426866906987110326e+02,1.381610983327785789e+02,9.862240062372924854e+01,1.117769963196045069e+02,1.016770207080608657e+02,1.108433965497414988e+02,1.270198788227559277e+02,1.006740316413771694e+02,1.062875712445119518e+02,8.867483342982873751e+01,1.161570052032525382e+02,1.407688710754628119e+02,2.567372277110767413e+02,1.535593781022675728e+02,1.563256835533173614e+02,1.354491496104587043e+02,1.246000583081341375e+02,1.303669887545953259e+02,9.117131013248919658e+01,1.514778080129023863e+02,1.102055842969177348e+02,1.323368732794195068e+02,1.036044200700698070e+02,1.641580603274346970e+02,1.561077253003490455e+02,1.510952453966809514e+02,1.127344986094852004e+02,1.025955903796888435e+02,1.485701807892370994e+02,1.492984958190859004e+02,1.242290140659783191e+02,1.382378767325315323e+02,1.335390781562971370e+02,1.017757256254232345e+02,1.230568211252573434e+02,2.157117853416300761e+02,1.155947042765772181e+02,9.695118067742984636e+01,1.068447859225320400e+02,1.536601005576675902e+02,1.568709645218891353e+02,1.251312755815751245e+02,1.216840855551619995e+02,1.492932862048870959e+02,9.959755480576853870e+01,1.054477424099355147e+02,1.523644582851090092e+02,1.059571750452611525e+02,1.300143620574199304e+02,1.482705569444372884e+02,9.835529526072794226e+01,9.626659825889039723e+01,1.301250864516439663e+02
1.637325086309642757e+02,1.782865417803891717e+02,1.412734763198325254e+02,1.656666666666592675e+02,0.000000000000000000e+00,1.501533263390333275e+02,1.515385306094590874e+02,1.528126316028815381e+02,1.535641393117052758e+02,1.582862391449310735e+02,1.472064481720691447e+02,1.226735833380762557e+02,1.622735662691555376e+02,1.653090901705415376e+02,1.541726005297294648e+02,1.622902884922539215e+02,1.290093520373801255e+02,2.425930613797685851e+02,1.471221919343765592e+02,1.844733748597471390e+02,1.326141057922205562e+02,1.314810695799385485e+02,1.343963020464801446e+02,1.611363782304091785e+02,1.398603724729181295e+02,1.465432221394658541e+02,1.646152057200843331e+02,1.858467514351345642e+02,1.308700239159175567e+02,1.265568158019062821e+02,1.399642072875073211e+02,1.326486565711660717e+02,1.727497616505679048e+02,1.439732205250145398e+02,1.402195949688221219e+02,1.303656746994233515e+02,1.260903961906852260e+02,1.172077488309720223e+02,1.538845813080919811e+02,1.455617842130171482e+02,1.930448241190614738e+02,1.521166612097064785e+02,1.557898061408346280e+02,1.451853723022163933e+02,1.384004355835766376e+02,1.435524792078977612e+02,1.619948235930459077e+02,1.414911792219732831e+02,1.350942946144024859e+02,1.560105568599052788e+02,1.816215954636658694e+02,1.345297752203431685e+02,1.517809388831143735e+02,1.438186372745318806e+02,1.331634276356480768e+02,1.683156174202337638e+02,1.558646598008863293e+02,1.937469900343084817e+02
1.355839544484325643e+02,1.320777262461338921e+02,1.161576684750355071e+02,1.426866906987110326e+02,1.501533263390333275e+02,0.000000000000000000e+00,1.074078532304359328e+02,1.347250583917114000e+02,1.303163397432763588e+02,1.288802593508700909e+02,1.341241732913989892e+02,1.092856442418759713e+02,1.457270131724922919e+02,1.376331328544113433e+02,1.468280701190030584e+02,1.320351106959987817e+02,1.439258142577978106e+02,2.212558064118782397e+02,1.242139608641312662e+02,1.330308793033906056e+02,1.148826418204993871e+02,1.270684017350294255e+02,1.212459313710834863e+02,1.409000985854561634e+02,1.261203768986628120e+02,1.075989437520968721e+02,1.097183850516856722e+02,1.742391676436129728e+02,1.298314763069239177e+02,1.357298682098815448e+02,1.166333945037247446e+02,1.220375781972484077e+02,1.389625252756079021e+02,1.381554351990809266e+02,1.099029304010797716e+02,1.013750204294184272e+02,1.153448007419895021e+02,1.310648183253470620e+02,1.327033700366833955e+02,1.212177615331414273e+02,1.996879809440507927e+02,1.228372702806253898e+02,1.384174802934920763e+02,1.254119182600539091e+02,1.334036417850530256e+02,9.893063376919364771e+01,1.002509899363527808e+02,1.173520186853160538e+02,1.107259003072450696e+02,1.358623055584563133e+02,1.554580927852983621e+02,1.323228991325490256e+02,1.250037158370077464e+02,1.055492576744981505e+02,1.181321612582685390e+02,1.346972096873796261e+02,1.419396209935186164e+02,1.459954788622288220e+02
1.225956143898110895e+02,1.318393473426986304e+02,1.029569379998874155e+02,1.381610983327785789e+02,1.515385306094590874e+02,1.074078532304359328e+02,0.000000000000000000e+00,1.274256066005462174e+02,1.129517261208315944e+02,1.044462450757915946e+02,1.201199155494823430e+02,1.086294138092140855e+02,1.293814030975572678e+02,1.261399539377364789e+02,1.335852103012589112e+02,1.417297661109151079e+02,1.413116770815011591e+02,2.225951303389299483e+02,1.159026712575474960e+02,1.199629907662096286e+02,1.080882767569085274e+02,1.120486370632872735e+02,1.011769880453091588e+02,1.316136908759463893e+02,1.339585311234500580e+02,1.033237105529695441e+02,1.022580867189021205e+02,1.517101493842616549e+02,1.389386849373227903e+02,1.341150162964554511e+02,1.229971483719399572e+02,1.197054620237714033e+02,1.314731358847683964e+02,1.254170495651572423e+02,9.539874917456742764e+01,9.982852694942903327e+01,1.200681069274317281e+02,1.274037291058652812e+02,1.214331426792563207e+02,1.158310735737693022e+02,2.011602678592332438e+02,1.139904003677972781e+02,1.234447057685585918e+02,1.217793805665099143e+02,1.306985065048220349e+02,1.060361564078245777e+02,1.029224511323364055e+02,1.033411989334197187e+02,1.081505270749256766e+02,1.186149227489401312e+02,1.558397313363936973e+02,1.333433088892975888e+02,1.080221997859615470e+02,9.923730335083304510e+01,1.075758433641631200e+02,1.214571393427082597e+02,1.328779795146546689e+02,1.416774303097765255e+02
8.263296407221176310e+01,1.826537166632809601e+02,1.020541694769221550e+02,9.862240062372924854e+01,1.528126316028815381e+02,1.347250583917114000e+02,1.274256066005462174e+02,0.000000000000000000e+00,9.775122330622323830e+01,9.323274944951441512e+01,9.843231376050452752e+01,1.092447658565387485e+02,9.109498305603291612e+01,8.801841924337931289e+01,1.000894087927909482e+02,1.262138095732443901e+02,1.429756021886949782e+02,2.690266894722485631e+02,1.296996079887670135e+02,1.505548858804202723e+02,1.125270308809265742e+02,1.016666666666376386e+02,1.307513832974643719e+02,7.977923094433197093e+01,1.400310641745621183e+02,9.567886302074825267e+01,1.218962295628607109e+02,1.142134534266672006e+02,1.640545275667696785e+02,1.278649672487998998e+02,1.516288883827427583e+02,9.784484160100471684e+01,9.601301568590298530e+01,1.269964431521281512e+02,1.284095405288129825e+02,9.953767334387980270e+01,1.228923106461958099e+02,1.250895344242033929e+02,1.008998998998695811e+02,1.210508810360380636e+02,2.329860662491848586e+02,9.313329444825620840e+01,7.826451509978596732e+01,9.061899471789378424e+01,1.423166378621973251e+02,1.407988784871234316e+02,1.145273978734098961e+02,1.036953620286645759e+02,1.391917940883265317e+02,8.497210682531540726e+01,1.131245406502441426e+02,1.280349964620920105e+02,9.029898682101523377e+01,1.280898497027349379e+02,1.201502134241526676e+02,9.196394455950395752e+01,8.836487155602397081e+01,1.153450437210658208e+02
9.364458462169422148e+01,1.696617593508622690e+02,1.040905862641428286e+02,1.117769963196045069e+02,1.535641393117052758e+02,1.303163397432763588e+02,1.129517261208315944e+02,9.775122330622323830e+01,0.000000000000000000e+00,9.460947739677429524e+01,1.170695605459231956e+02,1.142679519917520423e+02,1.112972477735881682e+02,1.048506001353907067e+02,1.102563749724742479e+02,1.306789277531683240e+02,1.349145646692784624e+02,2.621282767654080885e+02,1.264955211578032390e+02,1.490005180928496031e+02,1.039892401229801209e+02,9.612072587465490869e+01,1.133218816131158633e+02,9.600425263329790937e+01,1.442241257775603174e+02,1.004855268792127134e+02,1.200525721307962925e+02,1.256347469324255428e+02,1.632209643636820431e+02,1.281869094205270301e+02,1.529968906608411032e+02,1.074682177048672145e+02,1.100842355727811395e+02,1.232461481783661554e+02,1.223675579502323671e+02,1.004416840951267886e+02,1.121434180155131628e+02,1.291984470445330260e+02,9.991883826320733419e+01,1.179731515277482004e+02,2.193291898669054376e+02,9.725891339236284239e+01,1.024908670772141335e+02,9.579790495206276546e+01,1.360822710310583830e+02,1.407958175170636537e+02,1.173783896516325456e+02,9.579654813621803555e+01,1.263632046601837544e+02,9.914466029904006916e+01,1.308419023782697650e+02,1.281918873895293416e+02,9.288682178442255122e+01,1.215454409319980584e+02,1.159753231824789168e+02,1.035993604700042283e+02,1.051696182576202006e+02,1.414214919962799399e+02
8.789586025633947486e+01,1.684278275275853503e+02,1.006764725975882726e+02,1.016770207080608657e+02,1.582862391449310735e+02,1.288802593508700909e+02,1.044462450757915946e+02,9.323274944951441512e+01,9.460947739677429524e+01,0.000000000000000000e+00,1.043983396576654883e+02,1.070778321250188014e+02,8.791487068484043732e+01,1.002503754585711988e+02,1.073809479241931797e+02,1.367684481560621066e+02,1.470517702070602581e+02,2.564731576472345296e+02,1.331833461588957164e+02,1.400508515639299674e+02,1.035225228942415754e+02,1.077957820880299096e+02,1.103298447380912961e+02,9.187481861809034456e+01,1.350220843023726900e+02,9.525025474297713401e+01,1.069500345368729626e+02,1.152348319633753420e+02,1.635503721346481143e+02,1.323579750485792204e+02,1.451715178882136286e+02,1.145658451778904521e+02,1.032274553557449934e+02,1.339613731304950761e+02,1.197604089250479689e+02,9.688970093776804049e+01,1.220731819669620108e+02,1.311305945223524247e+02,1.024457928202063783e+02,1.181375684345314596e+02,2.255517289737265401e+02,9.023833199308624842e+01,9.881577376826054149e+01,9.280415726869529180e+01,1.527247508808501664e+02,1.400961021442416836e+02,1.025113428773177020e+02,9.672431449485834776e+01,1.316086552211153560e+02,8.443756234541980632e+01,1.126075749984714633e+02,1.359253904847310537e+02,8.897398585047224628e+01,1.216833667334410904e+02,1.199856176120193680e+02,9.755976168019964234e+01,9.369135552744340600e+01,1.163778686638481759e+02
1.112670996023257146e+02,1.702547075190550459e+02,1.207054478385906009e+02,1.108433965497414988e+02,1.472064481720691447e+02,1.341241732913989892e+02,1.201199155494823430e+02,9.843231376050452752e+01,1.170695605459231956e+02,1.043983396576654883e+02,0.000000000000000000e+00,1.093156766076835282e+02,1.111806539105142804e+02,1.128461733327823566e+02,1.118293204466517921e+02,1.277995923002816454e+02,1.448308861527403053e+02,2.483776444517809523e+02,1.279541126080805498e+02,1.515293472221126194e+02,1.156102001282188212e+02,1.122030346935383420e+02,1.192268330542163142e+02,1.055230125990760115e+02,1.334354553132012597e+02,1.145637679491961052e+02,1.315940649289653948e+02,1.350869073501737603e+02,1.610611154192048389e+02,1.335674635220202333e+02,1.415698384419710010e+02,1.151791356647239724e+02,1.148383770457151059e+02,1.310659187132238799e+02,1.313150741427392063e+02,1.084218115255654169e+02,1.303321410015833237e+02,1.295855023286106302e+02,1.063399134790145411e+02,1.103578414445336904e+02,2.112387456843616462e+02,1.113900966510722128e+02,1.099379536847432774e+02,1.043991620441494916e+02,1.387304526178816957e+02,1.365132294045630488e+02,1.182805342405331857e+02,1.100388700824175316e+02,1.356930726282742796e+02,1.072746368665896597e+02,1.233377045194922488e+02,1.352575831662583425e+02,1.047375963050562007e+02,1.160098976698673425e+02,1.266891032174541465e+02,1.131216931240865051e+02,1.080428864111073182e+02,1.351128677185722609e+02
1.178034414277523467e+02,1.552575475401183667e+02,1.064264501664717102e+02,1.270198788227559277e+02,1.226735833380762557e+02,1.092856442418759713e+02,1.086294138092140855e+02,1.092447658565387485e+02,1.142679519917520423e+02,1.070778321250188014e+02,1.093156766076835282e+02,0.000000000000000000e+00,1.234212592861680804e+02,1.234433317138812214e+02,1.212942747453737127e+02,1.376767142562208903e+02,1.289531401143920277e+02,2.417845087941213933e+02,1.218436436578645754e+02,1.398597139569268393e+02,9.974656812800895977e+01,9.841436762302302554e+01,1.089635466866475895e+02,1.202676637297225426e+02,1.136380070463125520e+02,1.014983951639352142e+02,1.167249954461689612e+02,1.525673924008818574e+02,1.381173432994102939e+02,1.121692821368678068e+02,1.195903409569373679e+02,1.047399527763453477e+02,1.264029909662526734e+02,1.176539238189025269e+02,1.122652645531550206e+02,9.079732888144704361e+01,1.009918482294730779e+02,1.090534072039498454e+02,1.092471968907969853e+02,1.105729940220485759e+02,2.072694630451083242e+02,1.105320838216230896e+02,1.142819238211244084e+02,1.076645855018744982e+02,1.317075830498901610e+02,1.139587237346033675e+02,1.087416058727887389e+02,9.448818902372455852e+01,1.097317405610238268e+02,1.114790141746466645e+02,1.405299232008705133e+02,1.086473006854505314e+02,1.099439926615447405e+02,1.041566740604115324e+02,1.042736372214674674e+02,1.262237664377945947e+02,1.229910057314452132e+02,1.486747555807657193e+02
9.185647530040934328e+01,1.892845179531639417e+02,1.152499763499373557e+02,1.006740316413771694e+02,1.622735662691555376e+02,1.457270131724922919e+02,1.293814030975572678e+02,9.109498305603291612e+01,1.112972477735881682e+02,8.791487068484043732e+01,1.111806539105142804e+02,1.234212592861680804e+02,0.000000000000000000e+00,1.034554976297642384e+02,1.028047359653438519e+02,1.464114033873465814e+02,1.565115197016065167e+02,2.630896516351039054e+02,1.572154208065989280e+02,1.491777656989553407e+02,1.197338346005935819e+02,1.210285628307421888e+02,1.375729814297236260e+02,8.862483311081491877e+01,1.404365111118094376e+02,1.077610517231571379e+02,1.245721061515411066e+02,1.197068631615775161e+02,1.677466827427854525e+02,1.553750922209001430e+02,1.515936647013986658e+02,1.225851916982285559e+02,9.579305740988631612e+01,1.601034813318304657e+02,1.374971191068828205e+02,1.103157019598701112e+02,1.397757009345813515e+02,1.450863284200767396e+02,1.079928027716154872e+02,1.353446421927247627e+02,2.376464012907322001e+02,9.729181396556292327e+01,9.498190548752953077e+01,9.493291054741278856e+01,1.677368481441826873e+02,1.559596771679571816e+02,1.213358760561423395e+02,1.131895979201170661e+02,1.459601163284078780e+02,9.366239436317802358e+01,1.106110977738553629e+02,1.451035968662084485e+02,1.060494688104730301e+02,1.383611682644233838e+02,1.444482239418427980e+02,9.793395025809932974e+01,8.838152920471615914e+01,1.136084836467555874e+02
9.174034853019198010e+01,1.924819287422081970e+02,9.942453369359307658e+01,1.062875712445119518e+02,1.653090901705415376e+02,1.376331328544113433e+02,1.261399539377364789e+02,8.801841924337931289e+01,1.048506001353907067e+02,1.002503754585711988e+02,1.128461733327823566e+02,1.234433317138812214e+02,1.034554976297642384e+02,0.000000000000000000e+00,1.035975372062861197e+02,1.364041921674651690e+02,1.444589330124798323e+02,2.704480491033830276e+02,1.309711189740677924e+02,1.574243234213199969e+02,1.242107168707750873e+02,1.142626341677268726e+02,1.322985285030337650e+02,8.776896737692523232e+01,1.494512780657882161e+02,1.113469165351951915e+02,1.249952565328246976e+02,1.125182607456439570e+02,1.661485965023295250e+02,1.439900771248638023e+02,1.616932843301062519e+02,1.087299234026862393e+02,1.022433999313914086e+02,1.339983294353374390e+02,1.364053145782312697e+02,1.136411928333461248e+02,1.333150591255014774e+02,1.375610613140666771e+02,1.023486841334958228e+02,1.314452647791963784e+02,2.285255482375022211e+02,9.257935182090461979e+01,8.797026394920897019e+01,9.612343811127314552e+01,1.577122349278043032e+02,1.540286960434908679e+02,1.173929168058800769e+02,1.145027172176947801e+02,1.502716338122199886e+02,9.482737983802955739e+01,1.234442774003674970e+02,1.357093217507605516e+02,8.779503422423712777e+01,1.371098873322964380e+02,1.293398258142932207e+02,9.300585121968191515e+01,9.069793421727086979e+01,1.182853527186462799e+02
1.054270108163586599e+02,1.789028340228575189e+02,1.214090746845920137e+02,8.867483342982873751e+01,1.541726005297294648e+02,1.468280701190030584e+02,1.335852103012589112e+02,1.000894087927909482e+02,1.102563749724742479e+02,1.073809479241931797e+02,1.118293204466517921e+02,1.212942747453737127e+02,1.028047359653438519e+02,1.035975372062861197e+02,0.000000000000000000e+00,1.250994109368058247e+02,1.345127328644691147e+02,2.670061433679145466e+02,1.475969199867013515e+02,1.633783820544973082e+02,1.272306662203655492e+02,1.152694743622005404e+02,1.226493192480761394e+02,9.681137823314759316e+01,1.410429910884734568e+02,1.120564770198475344e+02,1.459415652679965660e+02,1.139921211614164918e+02,1.646692648983330400e+02,1.372409204493849302e+02,1.449280659447282744e+02,1.075726048770220160e+02,1.115011476076165877e+02,1.373078867989123353e+02,1.509351212035865899e+02,1.209271828451927888e+02,1.215673459043672153e+02,1.278404117687405090e+02,1.044373405879962888e+02,1.202760930240339547e+02,2.200945946990430286e+02,1.142079383755708619e+02,1.009499139326342600e+02,1.041288363281563818e+02,1.512624178931654058e+02,1.581040081848775003e+02,1.304580703932364827e+02,1.153862640678779741e+02,1.412847758484764711e+02,9.973285645303492686e+01,1.092899231115806344e+02,1.311547016691383760e+02,1.075109823047780253e+02,1.225871737896074478e+02,1.360623653445790069e+02,1.072481497362029614e+02,9.910192720148748435e+01,1.430915009835286469e+02
1.309349652379253541e+02,1.808963588507040470e+02,1.332838863502240372e+02,1.161570052032525382e+02,1.622902884922539215e+02,1.320351106959987817e+02,1.417297661109151079e+02,1.262138095732443901e+02,1.306789277531683240e+02,1.367684481560621066e+02,1.277995923002816454e+02,1.376767142562208903e+02,1.464114033873465814e+02,1.364041921674651690e+02,1.250994109368058247e+02,0.000000000000000000e+00,1.334675174205552821e+02,2.568665833793941715e+02,1.477948176770598252e+02,1.627123354717533346e+02,1.396898654481723838e+02,1.344876332296758505e+02,1.346848984827230424e+02,1.271250728954032923e+02,1.478886287625292368e+02,1.270287600826386694e+02,1.449911766839574341e+02,1.518711574231385839e+02,1.616256934880817653e+02,1.405933233203749637e+02,1.547990613549922898e+02,1.265663896977019220e+02,1.373528968390337468e+02,1.458622250133295779e+02,1.533559928964744472e+02,1.312262834936906586e+02,1.391776026898712360e+02,1.327995509413274249e+02,1.264250437728878467e+02,1.285768719418372541e+02,2.130716708197530807e+02,1.508468864362419879e+02,1.306340182834611880e+02,1.292937814521743576e+02,1.414967908500956639e+02,1.514520962693210890e+02,1.334534647734418797e+02,1.383847245238688117e+02,1.490777928879880392e+02,1.268391246065945097e+02,1.446828423175298042e+02,1.416886252984996304e+02,1.299040576431379179e+02,1.351667207324219930e+02,1.425909698996620421e+02,1.297892949761173895e+02,1.258326824709850058e+02,1.612914008125355281e+02
1.492451694666380320e+02,1.577750717494829757e+02,1.285604723261037350e+02,1.407688710754628119e+02,1.290093520373801255e+02,1.439258142577978106e+02,1.413116770815011591e+02,1.429756021886949782e+02,1.349145646692784624e+02,1.470517702070602581e+02,1.448308861527403053e+02,1.289531401143920277e+02,1.565115197016065167e+02,1.444589330124798323e+02,1.345127328644691147e+02,1.334675174205552821e+02,0.000000000000000000e+00,2.282012505705940555e+02,1.513277904989818410e+02,1.597114652514690931e+02,1.289714556889709343e+02,1.253769955660350774e+02,1.197691283785722334e+02,1.468600583454184800e+02,1.471536448593845989e+02,1.357413349425976321e+02,1.594543307502596576e+02,1.663607379643389379e+02,1.332563750495540660e+02,1.362937275775799435e+02,1.426367109985705213e+02,1.258747493870401541e+02,1.522578936243527608e+02,1.371020834407426037e+02,1.531972071446032828e+02,1.285351959344308170e+02,1.219085126193634778e+02,9.758583834333164475e+01,1.323711767879989623e+02,1.246487810012878157e+02,1.813899128691217015e+02,1.497401103577049355e+02,1.393018776164530550e+02,1.384509876450487695e+02,1.366163379567805407e+02,1.477286866372199370e+02,1.480570301980496595e+02,1.281302143827165878e+02,1.277001065277699468e+02,1.381906995402869143e+02,1.568626091309128299e+02,1.367494121777282032e+02,1.440124219026226626e+02,1.261292585170138238e+02,1.364961935018213239e+02,1.430347932942358682e+02,1.458936098578620886e+02,1.770700520748055737e+02
2.628345118141966736e+02,1.785641668460321796e+02,2.439729956144686298e+02,2.567372277110767413e+02,2.425930613797685851e+02,2.212558064118782397e+02,2.225951303389299483e+02,2.690266894722485631e+02,2.621282767654080885e+02,2.564731576472345296e+02,2.483776444517809523e+02,2.417845087941213933e+02,2.630896516351039054e+02,2.704480491033830276e+02,2.670061433679145466e+02,2.568665833793941715e+02,2.282012505705940555e+02,0.000000000000000000e+00,2.401945593345019745e+02,2.111428688873692749e+02,2.333781543187553495e+02,2.691662908054015020e+02,2.297555669010369002e+02,2.752915127412035758e+02,2.122191355237166022e+02,2.360316830716485015e+02,2.321109162624746602e+02,2.908128003209848202e+02,2.038281746525863127e+02,2.599512047152459786e+02,2.018117661795783135e+02,2.519091500223755702e+02,2.537132621882584544e+02,2.670925934789356120e+02,2.176012114490261808e+02,2.373531812788985178e+02,2.430514737035645112e+02,2.448054111421577943e+02,2.563340402317407438e+02,2.379312039965797112e+02,2.003903180750875492e+02,2.526862732255863477e+02,2.724946730857247417e+02,2.567154952319365293e+02,2.335744727448915796e+02,1.945227748360035775e+02,2.298700632753496791e+02,2.367219931835538205e+02,2.044277298160168925e+02,2.688074018709493771e+02,2.676079911978421251e+02,2.557560588597504534e+02,2.629133691671591464e+02,2.088351647320161533e+02,2.556787122255826148e+02,2.630721017984606078e+02,2.678809990909292651e+02,2.544010930306193927e+02
1.407157207266550358e+02,1.646347062745430776e+02,1.161739074537044445e+02,1.535593781022675728e+02,1.471221919343765592e+02,1.242139608641312662e+02,1.159026712575474960e+02,1.296996079887670135e+02,1.264955211578032390e+02,1.331833461588957164e+02,1.279541126080805498e+02,1.218436436578645754e+02,1.572154208065989280e+02,1.309711189740677924e+02,1.475969199867013515e+02,1.477948176770598252e+02,1.513277904989818410e+02,2.401945593345019745e+02,0.000000000000000000e+00,1.605282674415744566e+02,1.169507867426319621e+02,1.078605128954510946e+02,1.221015344063719681e+02,1.479212868581042812e+02,1.437595899958966754e+02,1.302024750970834361e+02,1.391311811756147279e+02,1.710198713140641473e+02,1.424908292440415210e+02,1.250357553852093702e+02,1.475650102442871230e+02,1.152483143796250431e+02,1.520588368466405882e+02,1.044460758844680726e+02,1.230650477025109097e+02,1.080978000942466792e+02,1.206255762062900061e+02,1.317434093720348471e+02,1.363879837878358217e+02,1.261276370685326640e+02,1.840245127122249187e+02,1.227267881277484349e+02,1.370637814536750341e+02,1.376747911399073416e+02,1.297345749058821411e+02,1.273060569561579882e+02,1.304230758948578739e+02,1.112553443969704574e+02,1.269334051521401108e+02,1.294575457007169916e+02,1.742944966289330466e+02,1.205333842798706030e+02,1.183868065091508583e+02,1.246133397248611203e+02,9.825052070677983806e+01,1.452392549085530504e+02,1.480331926315605813e+02,1.768791440691105947e+02
1.457361504837426480e+02,1.246639786813354078e+02,1.319375558343758712e+02,1.563256835533173614e+02,1.844733748597471390e+02,1.330308793033906056e+02,1.199629907662096286e+02,1.505548858804202723e+02,1.490005180928496031e+02,1.400508515639299674e+02,1.515293472221126194e+02,1.398597139569268393e+02,1.491777656989553407e+02,1.574243234213199969e+02,1.633783820544973082e+02,1.627123354717533346e+02,1.597114652514690931e+02,2.111428688873692749e+02,1.605282674415744566e+02,0.000000000000000000e+00,1.398619643804503880e+02,1.568514725885150085e+02,1.305607034359679517e+02,1.619971698538100782e+02,1.616428756284282997e+02,1.226569320169329274e+02,1.113792706839617068e+02,1.739374967615772505e+02,1.577211048149603130e+02,1.858799980142857748e+02,1.271075843635124585e+02,1.586503378819139698e+02,1.453706436513885194e+02,1.788138990979040557e+02,1.292225143984567524e+02,1.355402792380617711e+02,1.683080869157586505e+02,1.560510960667264442e+02,1.384602853215017433e+02,1.358625959736257016e+02,2.294479913374312900e+02,1.500477781490094458e+02,1.574854660875177217e+02,1.467173325431843125e+02,1.606236699400339774e+02,1.217127585001031775e+02,1.143307718008626210e+02,1.444578155391049847e+02,1.193638489809541454e+02,1.479106415863894881e+02,1.726086868691530753e+02,1.807601069161439113e+02,1.538327396277477419e+02,1.127587174571923612e+02,1.579191472410109611e+02,1.462733253705951597e+02,1.532417242281738083e+02,1.299976734643938414e+02
1.103495243965731021e+02,1.447537415451007803e+02,1.013688594202408524e+02,1.354491496104587043e+02,1.326141057922205562e+02,1.148826418204993871e+02,1.080882767569085274e+02,1.125270308809265742e+02,1.039892401229801209e+02,1.035225228942415754e+02,1.156102001282188212e+02,9.974656812800895977e+01,1.197338346005935819e+02,1.242107168707750873e+02,1.272306662203655492e+02,1.396898654481723838e+02,1.289714556889709343e+02,2.333781543187553495e+02,1.169507867426319621e+02,1.398619643804503880e+02,0.000000000000000000e+00,1.042350702449045770e+02,1.064143104867827674e+02,1.205372835022241844e+02,1.158671564516468777e+02,1.124250389164184583e+02,1.185261406926646117e+02,1.508824343993802302e+02,1.321023796970647766e+02,1.240671230312080411e+02,1.270993928361552605e+02,1.187926327528715689e+02,1.287883675276711131e+02,1.264095536611555985e+02,1.173640824365042619e+02,9.483121551208279243e+01,1.195071439969401439e+02,1.236559880166545469e+02,1.087855207065233429e+02,1.097999227834840781e+02,1.932348929671183271e+02,1.088336284272707957e+02,1.212563477262033018e+02,1.165110401638350766e+02,1.312893096230087906e+02,1.209029242349409117e+02,1.158659303356029824e+02,9.567780703369503215e+01,1.108289104663405595e+02,1.135429136176522036e+02,1.375259257361689436e+02,1.168894788654835253e+02,1.083128055799847829e+02,1.085169751398805147e+02,1.108541016646314716e+02,1.179719452744701869e+02,1.185653780016754979e+02,1.492871278485451683e+02
1.102750422875123775e+02,1.672136379319246373e+02,1.067231780577108822e+02,1.246000583081341375e+02,1.314810695799385485e+02,1.270684017350294255e+02,1.120486370632872735e+02,1.016666666666376386e+02,9.612072587465490869e+01,1.077957820880299096e+02,1.122030346935383420e+02,9.841436762302302554e+01,1.210285628307421888e+02,1.142626341677268726e+02,1.152694743622005404e+02,1.344876332296758505e+02,1.253769955660350774e+02,2.691662908054015020e+02,1.078605128954510946e+02,1.568514725885150085e+02,1.042350702449045770e+02,0.000000000000000000e+00,1.150906360601126579e+02,1.100580999334854226e+02,1.342329146314835384e+02,1.113583339355068631e+02,1.266893560226511681e+02,1.410842480180667735e+02,1.516315281413048410e+02,1.092219158501574299e+02,1.398076037948944474e+02,9.307666153134114495e+01,1.263288649129704737e+02,9.761827859710746225e+01,1.224955525039305826e+02,9.814042267083659965e+01,9.533271299781931418e+01,1.087818740584305743e+02,1.122615949282277086e+02,1.162162088485229532e+02,2.111699544978779102e+02,1.053293353493736646e+02,1.054205517467303679e+02,1.137945757283688408e+02,1.321034219554005631e+02,1.267692386627279575e+02,1.197495645773630315e+02,9.364564564561696614e+01,1.223246796189139332e+02,1.064334734645105272e+02,1.355607669835434592e+02,1.029299202309372987e+02,9.272157696909820856e+01,1.216231886529019448e+02,9.470801001672323594e+01,1.180311612860289472e+02,1.181574018313839503e+02,1.606170100299319472e+02
1.320923638490980352e+02,1.348008711495223793e+02,1.125242865766838207e+02,1.303669887545953259e+02,1.343963020464801446e+02,1.212459313710834863e+02,1.011769880453091588e+02,1.307513832974643719e+02,1.133218816131158633e+02,1.103298447380912961e+02,1.192268330542163142e+02,1.089635466866475895e+02,1.375729814297236260e+02,1.322985285030337650e+02,1.226493192480761394e+02,1.346848984827230424e+02,1.197691283785722334e+02,2.297555669010369002e+02,1.221015344063719681e+02,1.305607034359679517e+02,1.064143104867827674e+02,1.150906360601126579e+02,0.000000000000000000e+00,1.355609989764078307e+02,1.353327050611297295e+02,1.142198121126596959e+02,1.252541485501441230e+02,1.507508571297911999e+02,1.345524422260881749e+02,1.394888722236098602e+02,1.202304077712298493e+02,1.189061347637019850e+02,1.368842678605755339e+02,1.282772090067346653e+02,1.218375970813827678e+02,1.056509804865244604e+02,1.215910969906577890e+02,1.086611685769684499e+02,1.116917605950919494e+02,9.589809836875760141e+01,1.942102805829443639e+02,1.196962952666693099e+02,1.266961113533606067e+02,1.237410896951953703e+02,1.258831812832505790e+02,1.203250726767084018e+02,1.099597318315438770e+02,1.134501438526276047e+02,1.099963635117239420e+02,1.177773493496137007e+02,1.469025230539872666e+02,1.333789903562018822e+02,1.174179553118132020e+02,9.461237023158984982e+01,1.191752267307499693e+02,1.260716766668760158e+02,1.328346270577763732e+02,1.493498881122203557e+02
8.509412550067595760e+01,1.898714436533357741e+02,1.121906664322435034e+02,9.117131013248919658e+01,1.611363782304091785e+02,1.409000985854561634e+02,1.316136908759463893e+02,7.977923094433197093e+01,9.600425263329790937e+01,9.187481861809034456e+01,1.055230125990760115e+02,1.202676637297225426e+02,8.862483311081491877e+01,8.776896737692523232e+01,9.681137823314759316e+01,1.271250728954032923e+02,1.468600583454184800e+02,2.752915127412035758e+02,1.479212868581042812e+02,1.619971698538100782e+02,1.205372835022241844e+02,1.100580999334854226e+02,1.355609989764078307e+02,0.000000000000000000e+00,1.501797411040842292e+02,1.033443240720202567e+02,1.238971051603435285e+02,1.052552565631092136e+02,1.765189191649467091e+02,1.419622049209833676e+02,1.621054400633062755e+02,1.094119086931135314e+02,9.754606141522596374e+01,1.391435621702243282e+02,1.413246023173204833e+02,1.147046367889548435e+02,1.290120160213662643e+02,1.408601756249403536e+02,1.013278166907444700e+02,1.276039418678541750e+02,2.376665358651512463e+02,9.453879077885216020e+01,8.654689067548220294e+01,9.746094793058389882e+01,1.527255740022382042e+02,1.582801480470731974e+02,1.217900809498989929e+02,1.082011595485096649e+02,1.526409419040633679e+02,8.988679186189810366e+01,1.089972561454430036e+02,1.370756701105543129e+02,9.281513943725082072e+01,1.367259967197375659e+02,1.375866077847306883e+02,9.300454170623160621e+01,8.853588206735187782e+01,1.187242231611690926e+02
1.368166893650807197e+02,1.650341024465101327e+02,1.306841152773115766e+02,1.514778080129023863e+02,1.398603724729181295e+02,1.261203768986628120e+02,1.339585311234500580e+02,1.400310641745621183e+02,1.442241257775603174e+02,1.350220843023726900e+02,1.334354553132012597e+02,1.136380070463125520e+02,1.404365111118094376e+02,1.494512780657882161e+02,1.410429910884734568e+02,1.478886287625292368e+02,1.471536448593845989e+02,2.122191355237166022e+02,1.437595899958966754e+02,1.616428756284282997e+02,1.158671564516468777e+02,1.342329146314835384e+02,1.353327050611297295e+02,1.501797411040842292e+02,0.000000000000000000e+00,1.319293310589682733e+02,1.479935457196510527e+02,1.883094875073624053e+02,1.475396535689527013e+02,1.392745517892263365e+02,1.341611922803130597e+02,1.266286406694832607e+02,1.560580917254313817e+02,1.482351950538030962e+02,1.270795095880646670e+02,1.087440846226618021e+02,1.278408540261035427e+02,1.364423042293970241e+02,1.429411403600009294e+02,1.498402589875367426e+02,1.979819716888515302e+02,1.309693508934298904e+02,1.437951374835573688e+02,1.257518874664488777e+02,1.493855424573522157e+02,1.301732367844087435e+02,1.359464624815699949e+02,1.217751904636157150e+02,1.271881557524969679e+02,1.398274637531652616e+02,1.568758394738387096e+02,1.333125887941496899e+02,1.427007234453592162e+02,1.231428279077516805e+02,1.340026755852661609e+02,1.517080678911819973e+02,1.431788220091977735e+02,1.657856996925465012e+02
9.700653500567985077e+01,1.544393959484555694e+02,1.039431818181253107e+02,1.102055842969177348e+02,1.465432221394658541e+02,1.075989437520968721e+02,1.033237105529695441e+02,9.567886302074825267e+01,1.004855268792127134e+02,9.525025474297713401e+01,1.145637679491961052e+02,1.014983951639352142e+02,1.077610517231571379e+02,1.113469165351951915e+02,1.120564770198475344e+02,1.270287600826386694e+02,1.357413349425976321e+02,2.360316830716485015e+02,1.302024750970834361e+02,1.226569320169329274e+02,1.124250389164184583e+02,1.113583339355068631e+02,1.142198121126596959e+02,1.033443240720202567e+02,1.319293310589682733e+02,0.000000000000000000e+00,9.278344063757650417e+01,1.347423128341534095e+02,1.398666443849468521e+02,1.404287931980979351e+02,1.268840964255060584e+02,1.114495488920136950e+02,1.081886405581744413e+02,1.350666605546537369e+02,1.058810365329249521e+02,8.838017205589567027e+01,1.148899187329964349e+02,1.289476580165381563e+02,1.121860451136986967e+02,1.169069767623843603e+02,2.172487408152570367e+02,9.329959511140552308e+01,1.010639590640082588e+02,8.919481724295171432e+01,1.387837967059844289e+02,1.158328317362991982e+02,9.638481222228584500e+01,9.995896107780619388e+01,1.137030217343104823e+02,9.856683327120239824e+01,1.335461229945809407e+02,1.421286121493859298e+02,9.525835561491999215e+01,1.084557968432234816e+02,1.226475598250848975e+02,1.060477941175875713e+02,1.132630347592930349e+02,1.146831993240074041e+02
1.132324999676936272e+02,1.456434829975761716e+02,1.108462164258319120e+02,1.323368732794195068e+02,1.646152057200843331e+02,1.097183850516856722e+02,1.022580867189021205e+02,1.218962295628607109e+02,1.200525721307962925e+02,1.069500345368729626e+02,1.315940649289653948e+02,1.167249954461689612e+02,1.245721061515411066e+02,1.249952565328246976e+02,1.459415652679965660e+02,1.449911766839574341e+02,1.594543307502596576e+02,2.321109162624746602e+02,1.391311811756147279e+02,1.113792706839617068e+02,1.185261406926646117e+02,1.266893560226511681e+02,1.252541485501441230e+02,1.238971051603435285e+02,1.479935457196510527e+02,9.278344063757650417e+01,0.000000000000000000e+00,1.451732757713131150e+02,1.500656657102611575e+02,1.572109682303917282e+02,1.320820403876392106e+02,1.330789375809958131e+02,1.226977941448303255e+02,1.570405909863521856e+02,1.076447284805664566e+02,1.073753152150198673e+02,1.402286220354750697e+02,1.476308760330214511e+02,1.262449115782076063e+02,1.319266716253465574e+02,2.262125295810311627e+02,1.124194786165884210e+02,1.184391721044741956e+02,1.132488631265831316e+02,1.512246797756325805e+02,1.080104658806099422e+02,8.911566416621754172e+01,1.176836836836484110e+02,1.161824547567770907e+02,1.188982076356783892e+02,1.541300749278818500e+02,1.566078442848526606e+02,1.118756117971413175e+02,1.113887738774101592e+02,1.389711717291486082e+02,1.212898439883360879e+02,1.307035156814180539e+02,1.137481160164353469e+02
